1.0887072143594452,5.0,5.0
1.0663943008143948,4.5786808781372645,5.592234063510544
1.0413095034506923,4.091444712524792,6.141141666792884
1.0139726854414186,3.5760992948964256,6.6090773744929106
0.9848904248509732,3.068777333089602,6.967772192216683
0.9545449220811866,2.5975083923426903,7.202886827053048
0.9233834480006401,2.179376492365313,7.314260565462382
0.8918097302119236,1.8211698522183992,7.312767310563886
0.8601773957695749,1.522045246483223,7.215791992303093
0.8287845411587169,1.2766134275231074,7.043072604109829
0.7978706804394851,1.0774737167320638,6.813761557697775
0.7676151155861067,0.9168948681430138,6.544788215456454
0.7381368910525379,0.7877372354161212,6.250219595086739
0.709496778332753,0.6838453241529886,5.941241463468103
0.6816996879888201,0.600127332682187,5.6264552602685995
0.6546991996398799,0.5324771805102161,5.312292561816314
0.6284026217439688,0.47763400123620764,5.003437018915639
0.6026763078574023,0.43303017753627,4.7032023719766265
0.5773524342584222,0.3966517750357417,4.413848990635628
0.5522356181564488,0.36692004286874585,4.136838585164904
0.5271091747508161,0.3425950894650243,3.8730341609651875
0.5017424848906872,0.32269958000871724,3.6228545412595268
0.4758972851615054,0.3064591708429293,3.3863925807110897
0.44933381489383944,0.29325638992591985,3.1635050075432654
0.4218169362423453,0.2825950656161817,2.953880400356688
0.39312164033307995,0.274072908659039,2.7570904523591224
0.3630378742719634,0.26736034994535907,2.5726285208494404
0.33137609789454386,0.26218418797294685,2.3999385273901472
0.2979710004191086,0.25831490575775123,2.2384365417799725
0.26268619678090244,0.25555683785073807,2.087526819386624
0.22541826509114984,0.2537405515503119,1.946613632826897
0.18610053795718698,0.2527169738802346,1.81510991342835
0.1447068823258767,0.2523529195643679,1.6924434724065538
0.10125495811474232,0.25252775626939955,1.5780613860956265
0.05580977547632031,0.25313102024359063,1.4714329893760967
0.008486327408195337,0.25406082217174075,1.3720518149867107
-0.04054798025756445,0.255222924236888,1.2794367353337042
-0.09107175508187379,0.25653037794834904,1.1931325017410699
-0.14280950543362955,0.2579036126286057,1.112709828621334
-0.19543168216911053,0.2592708881451169,1.037765134203345
-0.2485571255460679,0.26056899119244903,0.9679200219245925
-0.30175648029010305,0.2617440758146319,0.9028205656584116
-0.35455773270838226,0.2627525319163296,0.8421364465238866
-0.4064530767927796,0.2635617821855495,0.7855599777109998
-0.456907552196547,0.26415091007149677,0.7328050458315358
-0.5053695561582243,0.26451103397721293,0.6836059917483964
-0.5512823308205411,0.2646453758962569,0.6377164503469768
-0.5940964923750566,0.26456899377186344,0.5949081666149852
-0.6332831210560163,0.2643081774974888,0.5549698040471935
-0.668347041662095,0.2638995358057751,0.5177057604523939
-0.6988394557247152,0.26338883196625107,0.48293500540403866
-0.7243694568830346,0.26282964480801396,0.4504899525741915
-0.7446140761165254,0.26228194099804436,0.42021537879162096
-0.7593267384224675,0.2618106427766966,0.3919673998211284
-0.7683426051726554,0.2614842891804219,0.3656125108105593
-0.7715821013188073,0.2613738531505492,0.3410266969962111
-0.7690509331898523,0.26155178592553846,0.3180946178253842
-0.7608377094789031,0.2620913247633384,0.2967088653462099
-0.747109019897032,0.26306608665289416,0.27676929553371515
-0.7281016446289793,0.2645499639963374,0.25818242947383785
-0.7041135536829263,0.26661730528801186,0.24086091990794198
-0.6754923579010036,0.2693433835089951,0.22472307770341424
-0.6426242776537859,0.2728051098939252,0.20969245223314023
-0.6059211686442624,0.2770819977807579,0.1956974594848917
-0.5658091230646592,0.2822573359775639,0.182671051865036
-0.5227167824430163,0.28841957400803786,0.1705504240000562
-0.4770660439256852,0.2956638907876986,0.15927674935883926
-0.42926330192474127,0.3040939618784624,0.14879494313596217
-0.37969299199644574,0.31382392263212494,0.13905344752999937
-0.3287135986439599,0.32498052926016563,0.13000403615314135
-0.2766552643623297,0.3377055409469627,0.12160163493795419
-0.22381944395767428,0.35215834146427333,0.11380415749979661
-0.1704809357423152,0.36851880986655,0.10657235339344048
-0.11689013429341082,0.38699048976630995,0.09986966819512634
-0.0632783469723065,0.4078040389846977,0.09366211471475325
-0.009862005621888626,0.43122101827363213,0.08791815501126447
0.04315167397006144,0.4575380099510199,0.08260859325958668
0.09555891500713534,0.4870910643407996,0.07770647979259496
0.14715488222832268,0.5202604878793735,0.07318702701972458
0.19772912431920256,0.5574759271421577,0.06902753830296843
0.2470620046960695,0.5992216965734363,0.06520735127367551
0.2949224946097396,0.646042274449903,0.06170779761362186
0.3410672648455206,0.6985478511517049,0.058512181998248036
0.38524105614431126,0.7574197679144269,0.05560578375356574
0.42717813498871193,0.8234156241462499,0.05297588588358821
0.4666049832177528,0.8973737794128804,0.05061183759340559
0.5032443777568851,0.9802169295719508,0.04850515842360718
0.5368202239653674,1.072954353875377,0.04664969478266494
0.5670630261645274,1.1766823691100192,0.04504184327108848
0.5937164458302018,1.2925825219813818,0.04368086018042188
0.6165435148022529,1.4219169462631298,0.04256928340352542
0.6353332999768164,1.5660203645675657,0.04171350252701272
0.6499076379260021,1.7262882480798205,0.041124526337097095
0.6601272333334258,1.904160681545839,0.04081901600708655
0.6658971184124856,2.1011016048243722,0.04082067945515392
0.6671718924969645,2.318573340572881,0.04116216177281157
0.6639590012161339,2.558006330209194,0.04188762403690904
0.6563222449097037,2.8207644896686688,0.04305628752995305
0.6443827511673439,3.1081064399952205,0.044747346488036084
0.628319092637366,3.4211431545101023,0.04706684203360456
0.6083664717365913,3.7607925279450503,0.050157378248255995
0.5848136083792473,4.127730739645956,0.0542120036913267
0.5579989484067711,4.5223397357854695,0.05949426744204713
0.5283051772156103,4.944648441878459,0.06636753184959585
0.4961532239884769,5.394263062360744,0.07533831725609258
0.4619951606231483,5.870277654724207,0.08712114325485887
0.42630623403436585,6.371149822603006,0.10273661962378114
0.3895774751466265,6.894516976574619,0.12366137903927013
0.3523074050637249,7.436912827231421,0.15205927056198976
0.3149949239310025,7.993321097748732,0.1911400438218021
0.27813241867239225,8.556468352206272,0.24571677203396897
0.24219966285384445,9.115709813872689,0.3230671953394513
0.2076593306363958,9.655306428473986,0.4342403365672459
0.1749524650645831,10.151858461497378,0.5959574856861629
0.14449665285505342,10.570758519094733,0.8331410846155716
0.11668339309470721,10.862018003798031,1.181629461025048
0.09187789857350792,10.957249751408828,1.689344737271408
0.07041886150143915,10.772560882399222,2.4116201266017137
0.05261785700453196,10.225833754784384,3.3935127208105818
0.03876007355166755,9.275469016111556,4.634352767516559
0.029103727431387966,7.969775026515937,6.047418685467432
0.02387907569922826,6.46535645609874,7.454766061117018
0.023286995823357044,4.975407463864549,8.648881998802281
0.027495856965737895,3.67615527079984,9.485097394878553
0.03663815149724845,2.649160917927685,9.927720181680503
0.050805450059509004,1.890581660137141,10.02722556614442
0.07004263140235377,1.3527481222666287,9.870135423844355
0.09434189945397796,0.9790510051875387,9.541560697016754
0.1236364448425626,0.7208639679374036,9.109279037813058
0.15779421416515932,0.5418066169842204,8.621669540679124
0.19661267174303593,0.41644810271969473,8.111146603057993
0.23981438300522903,0.3275831734676291,7.598550506545761
0.2870449732269059,0.2637219895696065,7.096836042718646
0.33787262518789507,0.2172035188281448,6.613753352001994
0.39179031696206085,0.18289346538191992,6.153672972734267
0.44822067138376476,0.15732021183799003,5.718790705843214
0.5065234521540395,0.13811093308759353,5.309912713885586
0.5660059680240477,0.12362522524607639,4.926965248704672
0.625935473556512,0.1127164274381857,4.569326021411907
0.6855539315518692,0.10457507133176948,4.236040357001092
0.7440941249342193,0.09862524891762346,3.9259626969074457
0.800796918058017,0.09445528696936575,3.637849433554343
0.8549289282695643,0.09177085197316033,3.370419772426038
0.9057994932333493,0.0903628632522273,3.1223954184913922
0.9527769992606987,0.09008528705831569,2.8925261283741133
0.9953034740891014,0.09083959086329975,2.6796057641258106
1.0329068472574472,0.09256373108396122,2.482481930746247
1.0652111206046297,0.09522425819317716,2.3000612669423033
1.0919427019404062,0.09881057730069372,2.1313117916861795
1.1129344520702533,0.10333071736509648,1.9752632656296052
1.1281262297187515,0.1088081611681085,1.8310062285649815
1.137562378807218,0.11527943019645966,1.6976901718003035
1.1413862362988896,0.12279221496847771,1.5745211657104383
1.1398322771204248,0.13140391205894542,1.4607591668513007
1.133215452994791,0.14118047190939334,1.3557151619127095
1.121919639363764,0.1521955069929437,1.2587482585514023
1.1063841232909224,0.16452962321523135,1.1692627994531697
1.0870896232670362,0.17826996064895553,1.0867055515990471
1.0645435312863545,0.19350993141301737,1.0105630050116363
1.0392659728647327,0.21034915654603484,0.9403588023638693
1.011776139897258,0.22889359365190473,0.8756513114002855
0.9825792065346165,0.24925583837271004,0.8160313450032743
0.9521549443393724,0.2715555833170496,0.761120028737028
0.9209476287811086,0.29592019973846073,0.710566812248424
0.8893572477093972,0.3224853898850242,0.6640476184584148
0.8577334653444157,0.3513958688137735,0.6212631232875772
0.8263698654901384,0.38280597792947857,0.5819371579332651
0.7955012679246306,0.41688016951908813,0.5458152256685641
0.7653024159075907,0.4537932661267491,0.5126631258179623
0.7358878769889674,0.4937303842476293,0.4822656781263848
0.707313728364585,0.5368864206951156,0.45442554165446125
0.6795808634324113,0.5834650011044131,0.42896212353155466
0.6526391430336423,0.6336767729627047,0.4057105739457999
0.6263922370557383,0.6877369226297647,0.3845208645761109
0.6007037037737344,0.7458618270608806,0.3652569486135308
0.5754033189662795,0.8082647349233757,0.3477960013105948
0.5502937837501561,0.875150395790791,0.33202774048457107
0.5251570712910686,0.9467085468003735,0.3178538265996627
0.49976188088971907,1.0231062773021495,0.30518734239644973
0.473869504734679,1.104479201826596,0.29395235181926765
0.4472403308221182,1.1909215356084084,0.28408353739891457
0.41963983085221984,1.282475181381756,0.2755259147427253
0.3908440005054331,1.3791180081086079,0.2682346214811704
0.36064434886066027,1.4807515953905885,0.2621747762024076
0.3288528358014848,1.5871888532057716,0.25732140062539305
0.29530647212054745,1.6981420217505447,0.2536593952420768
0.25987129123030633,1.8132116353063803,0.2511835544052128
0.22244647390476338,1.9318772094621417,0.2498986016550272
0.18296843116324651,2.053490495015886,0.24981921999737416
0.14141415388593906,2.177272118376343,0.2509700441117464
0.09780491825598124,2.3023125584983477,0.2533855728441095
0.052209526393686846,2.4275782750065287,0.2571099512229139
0.004747078765678307,2.551923666479971,0.2621965616719486
-0.04441092694580173,2.6741092909878494,0.26870735542790675
-0.09503908518497116,2.7928264919198678,0.27671184902623136
-0.14685766906758324,2.9067281179509683,0.2862857089039766
-0.1995328363731203,3.0144646729820397,0.29750885247869874
-0.2526798497532228,3.114724355811886,0.3104630071731573
-0.30586567266521364,3.2062756358254774,0.3252286948443248
-0.35861545699011615,3.2880098569184524,0.34188164771487334
-0.4104187626863813,3.358981864950236,0.3604887136162737
-0.46073900580635674,3.4184459331237345,0.3811033721815653
-0.5090235412424877,3.4658848569293186,0.4037610527580096
-0.5547158952588646,3.5010301023037176,0.4284745136450649
-0.5972678736689605,3.5238718319472984,0.4552296005554531
-0.6361525686365387,3.5346580364516687,0.4839817395793969
-0.670877957458543,3.5338827165392677,0.5146535219506295
-0.7009993462757396,3.52226408779333,0.5471337011019456
-0.7261306533866139,3.5007143531535587,0.5812778450102728
-0.7459546160542375,3.4703029926793545,0.616910769508225
-0.7602308096318068,3.4322159951319096,0.6538307344263372
-0.7688009811809776,3.3877135951505815,0.6918152335308323
-0.7715922530762278,3.3380888065147083,0.730628068022529
-0.7686167724681705,3.2846290175341144,0.7700272837844139
-0.7599694517625141,3.2285821463938253,0.8097734872522044
-0.7458226259230559,3.1711286140369896,0.849638040764075
-0.7264181541653648,3.113359797365505,0.8894106789630343
-0.7020582130353354,3.0562629566225614,0.9289061682892663
-0.6730939894379186,3.0007124450134817,0.9679697420585597
-0.639913977678846,2.9474664517369065,1.0064811670996852
-0.6029314693214854,2.8971684895210004,1.0443574176775305
-0.5625732578382876,2.8503524584048616,1.0815540345630903
-0.5192678770924033,2.8074504859733476,1.11806532760126
-0.47343620106797013,2.768802369138452,1.1539236324625735
-0.4254830174332627,2.7346658497990335,1.189197854846382
-0.37579100984394787,2.7052268776774584,1.223991536023141
-0.32471651563491977,2.6806092810473734,1.258440653682685
-0.2725874381586428,2.660883335446705,1.2927113402273323
-0.2197031058600518,2.6460728582567525,1.3269976595058373
-0.1663361679823998,2.6361605131562627,1.3615195367354012
-0.11273555048059804,2.631091203337127,1.3965208901954118
-0.059131184336605726,2.630773332273042,1.4322679655727177
-0.005738505284132932,2.6350780253203006,1.4690478288048214
0.047235488668783326,2.6438361127023247,1.5071669255354567
0.09958739027050562,2.6568331071140032,1.546949566706067
0.15111192742041923,2.6738021313048397,1.5887361490641003
0.2015979677750601,2.6944151158330647,1.6328808621343474
0.25082500127879687,2.718272506554903,1.6797485732437183
0.2985612877340074,2.7448920338712397,1.7297105168605038
0.3445625392989369,2.773697088642549,1.7831383464547104
0.3885725506450135,2.804005708266599,1.8403960446508973
0.4303248840727338,2.8350213110046276,1.9018291447333215
0.46954553991199316,2.8658266090761426,1.9677507037719801
0.5059573101329787,2.895382550769815,2.038423520022075
0.5392844236389241,2.9225341463686094,2.114038231093499
0.5692581301285984,2.9460252414096666,2.1946872022588635
0.5956234512822403,2.964524214876956,2.2803345661482584
0.6181451505192719,2.9766617713629064,2.3707834147747002
0.6366145503977683,2.9810813935872233,2.4656419780679344
0.6508563669570668,2.976501532900492,2.5642916077376543
0.6607343512156583,2.9617866448593078,2.6658603749642915
0.666157268165306,2.9360224758342897,2.769206897345758
0.667083620207275,2.8985888503463695,2.87291935896977
0.6635251760974947,2.8492219032492585,2.975334268629959
0.655550138320821,2.7880575607664486,3.074578110831636
0.6432839817706351,2.7156488470515536,3.168632616090917
0.6269100077936501,2.632952568552774,3.2554211488879523
0.6066674509183111,2.541284396381145,3.3329102106477846
0.5828491000049095,2.442246075125916,3.3992170260771006
0.5557970288156936,2.337632250817753,3.4527123997664457
0.5258972282268554,2.2293272685846564,3.4921080231312556
0.49357337682184016,2.1192031756902323,3.51651930472225
0.4592794594929404,2.0090290136241187,3.5254981941197254
0.4234923273198454,1.9003989517646191,3.5190346179236824
0.38670384767967175,1.7946832483225996,3.4975291508165074
0.34941282310990246,1.6930025346050346,3.4617426406373037
0.31211792614083594,1.5962231801490547,3.4127302758184124
0.27531054066930866,1.5049694991477425,3.3517679587854547
0.23946948230151646,1.4196479553671355,3.2802780833567806
0.20505582468260933,1.3404784185427832,3.1997603148757965
0.17250894990469284,1.2675283270191953,3.1117311682225894
0.142244141233043,1.2007466028894056,3.0176744374425506
0.11465121027848027,1.139995146431721,2.9190030669008977
0.09009324039964713,1.085076604397279,2.817031966864697
0.06890661202884872,1.0357579401276673,2.7129605826447896
0.051401069813922735,0.9917897777247283,2.607863669760921
0.03785955243933423,0.9529218341851446,2.502688623252395
0.02853825719928206,0.918914982790992,2.398257782251988
0.02366540198059342,0.8895504878398044,2.2952743047846704
0.023439296976431757,0.8646370070909247,2.1943304288050127
0.028025763089973052,0.8440159230018032,2.09591716946376
0.03755431490141597,0.8275654719467149,2.000434721326876
0.05211305391410003,0.8152040691003544,1.9082030254307245
0.07174307510393611,0.8068931916222375,1.8194721226111095
0.09643224998684874,0.8026400988955504,1.734432045197572
0.12610895278934195,0.8025006240222662,1.6532221008369477
0.1606359206105001,0.8065822105251808,1.5759394795471782
0.19980476852036022,0.8150473263080974,1.5026471724061916
0.2433323476288987,0.828117378389504,1.4333812333596123
0.29085806909005213,0.8460771438263214,1.3681574461631418
0.34194421243178685,0.8692797628944292,1.3069774816280144
0.396078204137332,0.8981522201336216,1.2498346490639323
0.45267745230741946,0.9332011866533232,1.1967193612307052
0.5110971910025769,0.975019030078311,1.1476244491917356
0.5706411300417142,1.0242896859372765,1.1025504837971083
0.6305740562519107,1.0817939119042166,1.0615112854259752
0.6901364854718922,1.1484132972864045,1.024539836841079
0.7485612700997732,1.225132218030762,0.9916948603068606
0.8050907448892889,1.313036623199865,0.9630683820576895
0.8589942489141982,1.4133082625877786,0.9387946903349998
0.9095849983021854,1.5272125772205567,0.9190612049536598
0.9562367202553451,1.6560781453128086,0.9041219262835203
0.9983975587863495,1.8012649351018912,0.8943143277257574
1.0356027379601556,1.96411822148037,0.8900808112733535
1.0674838334546994,2.1459042172242895,0.8919961720181449
1.093775417775532,2.3477228095419145,0.9008029192865411
1.1143187116014077,2.5703919353136113,0.9174567743274546
1.1290617916278933,2.8142971548497253,0.9431851625254316
1.1380568361126842,3.0791991505043823,0.9795619282116317
1.141454725951403,3.3639913652863935,1.0286015651517582
1.1394962780426652,3.666400223629987,1.0928754414647586
1.1325025551430987,3.9826234180976128,1.175649799767434
1.1208621083847994,4.306908543791627,1.281038929783074
1.105017902494037,4.63109073818339,1.4141539009246813
1.0854531697572025,4.9441384885306725,1.5812033900144216
1.062676863749947,5.2318098878376,1.7894637700952474
1.0372095787579598,5.476602479451505,2.046979185216192
1.009569855486148,5.6582804865918295,2.3617893647100607
0.9802613012959264,5.755343198680823,2.7404523224984114
0.9497610557907019,5.747759024302123,3.1857147047354455
0.9185104339128717,5.620979404764341,3.6935001824955367
0.8869058553941661,5.370559148744527,4.24998538743742
0.8552923641875236,5.005820032069826,4.830198271612393
0.8239594203894515,4.550536121045359,5.399709519483137
0.7931371972554163,4.039386745989501,5.9199716796612005
0.76299565276931,3.510942982681406,6.355895633934827
0.7336447913482977,2.999913787143454,6.68271790391163
0.7051363751495626,2.5316596105631652,6.889499584442353
0.6774671771639782,2.120410449288709,6.97852324513461
0.6505832288396993,1.7706270141173666,6.961820112506572
0.6243848458571039,1.4799140640574788,6.856792093822674
0.598732817060815,1.2420332313956173,6.682431942085204
0.5734545293610593,1.0492358611600396,6.456774219132173
0.5483508038697527,0.8937420178444011,6.195547504845334
0.523202565033475,0.7685126641490136,5.9117058471651935
0.4977774749137629,0.6675487373338586,5.61548715333732
0.47183657856337513,0.5859202250670396,5.314728587199159
0.4451404931770053,0.5196649991723232,5.015268697559099
0.41745536830606034,0.46564040599641787,4.721344344208168
0.38855796897149714,0.42137101316867376,4.435941085887509
0.35824136837206333,0.38491200601763387,4.161084257884361
0.3263193359733373,0.354734642246249,3.8980721599733545
0.29263095729681715,0.32963386267923644,3.6476586806486386
0.25704472755790725,0.3086554735781617,3.4101942712878084
0.21946252332866076,0.2910395549734326,3.185733762830017
0.1798238362057315,0.27617685319970864,2.974118326375803
0.1381088608630411,0.26357532758169344,2.775037522565069
0.09434271122505736,0.25283457826686206,2.588076131542906
0.048597793764639206,0.24362631319392766,2.412749396617558
0.0009972697225005059,0.23567946945937673,2.2485294633051276
-0.048283311611953574,0.22876888470813395,2.0948651298539698
-0.09901424138803436,0.22270669976045548,1.9511965131355025
-0.15091156006300713,0.2173358407175659,1.8169658443777155
-0.20363761301348612,0.21252509039010473,1.6916253143906108
-0.2568034925530333,0.20816535203392245,1.5746426657815502
-0.30997299194918465,0.20416679744948218,1.4655050622689856
-0.36266791217109823,0.20045665729798504,1.3637216396935514
-0.4143755668704991,0.19697745155139415,1.2688250487431143
-0.4645577643683664,0.19368550859310268,1.1803722282856455
-0.5126613675150873,0.19054965481757064,1.09794459481785
-0.5581298690114056,0.18754999296327324,1.021147793229321
-0.6004163309610029,0.18467670893934252,0.9496111233748205
-0.638996095276183,0.18192888651071631,0.8829867335153683
-0.6733802902237397,0.17931331424245495,0.8209486533582955
-0.7031282971679573,0.17684330175981325,0.7631917248454847
-0.7278590662443005,0.17453752983986448,0.7094304771508466
-0.7472611580072759,0.17241896199056042,0.6593979824652468
-0.7611002360390132,0.17051385604816888,0.6128447208630801
-0.7692244849219164,0.1688509030769664,0.5695374754489707
-0.7715678099790153,0.16746051454002425,0.5292582728096257
-0.768148859502982,0.16637428968249884,0.49180337879639124
-0.7590686920936259,0.1656246580299884,0.4569823553801436
-0.7445052221389853,0.16524470479332343,0.42461718081970545
-0.7247055205640386,0.16526817215617273,0.3945414328190748
-0.6999758373834842,0.16572962992439078,0.36659953244857596
-0.6706706663570258,0.16666479804977644,0.34064604530811254
-0.6371809077087932,0.16811100772136395,0.3165450356322177
-0.5999215785960064,0.1701077899773271,0.2941694687388876
-0.5593197246645648,0.17269758246780556,0.2734006572405136
-0.5158038000265242,0.17592654080903158,0.25412774662677157
-0.46979359861692044,0.17984545877222557,0.2362472362143596
-0.42169240222595616,0.1845107923748767,0.21966253191723156
-0.37188097811657395,0.18998579289322454,0.2042835277380115
-0.32071347099873493,0.1963417583177518,0.1900262133570418
-0.26851563260181205,0.20365941080091463,0.17681230561419856
-0.2155845197889716,0.2120304186004708,0.16456890206419825
-0.16219088811409121,0.22155906521845542,0.15322815508818968
-0.10858212665750942,0.23236409060772334,0.14272696531854254
-0.05498648122369179,0.24458071653232868,0.13300669338866777
-0.0016187638780465821,0.25836285654251856,0.1240128891658327
0.05131430710803623,0.2738855260811199,0.11569503778268166
0.10360961909649756,0.2913474682510932,0.10800632197433066
0.15506145209863065,0.31097395553226825,0.10090340029400872
0.2054581224615099,0.33301978306832936,0.09434620090241655
0.2545784388603093,0.3577724045019615,0.08829773078440371
0.30218953559546297,0.3855551639256992,0.08272390034812523
0.34804619131074555,0.4167305576066162,0.07759336353921577
0.39189119403467676,0.451703423384797,0.07287737379442104
0.43345754615159426,0.49092394586234717,0.06854965641099592
0.47247069421818316,0.5348902875593858,0.06458629818519368
0.5086533588626666,0.5841506919116045,0.06096565556959084
0.5417302311349991,0.6393048043276474,0.05766828310395682
0.5714334213508213,0.7010039482607829,0.054676884456673173
0.5975089420049281,0.7699500905669232,0.05197628923580981
0.6197236633186285,0.8468932177563687,0.04955345979559746
0.6378712625205165,0.9326267920033555,0.04739753357034375
0.6517792300206479,1.0279810856352125,0.04549990823271423
0.6613145574190048,1.1338141576986394,0.043854379300228674
0.6663898673832631,1.2510004346096761,0.0424573428959145
0.6669675328578354,1.3804168546915605,0.04130808047228906
0.6630637916401939,1.5229268258837039,0.04040914784305403
0.6547510146264911,1.6793623198824337,0.03976689842818898
0.6421593970970426,1.8505047258503544,0.03939218097676392
0.6254765390605062,2.0370651498562573,0.039301266353218005
0.6049459857492284,2.2396650868181367,0.039517077911307416
0.5808645749889622,2.458818492325725,0.04007082808735402
0.5535777646384299,2.694916171245024,0.041004203543974625
0.523474834343608,2.948213537141738,0.04237229796018505
0.49098199887592403,3.2188222807987845,0.04424757318021236
0.45655523565352635,3.506706314701991,0.04672524767537771
0.4206729747714906,3.8116818642508608,0.04993068429024681
0.38382771911722086,4.1334206335438655,0.0540296038149045
0.3465186601423547,4.471454428669974,0.05924232869483349
0.309244012609367,4.825178173292634,0.06586382557906792
0.2724945906083126,5.193847060318727,0.07429216353372785
0.23674784252562694,5.576561354847548,0.08506928522759524
0.20246316548162083,5.972229720395559,0.09893992576149149
0.17007838131593492,6.379497816743031,0.1169374416483397
0.14000683131665093,6.7966226328968835,0.14050970532649992
0.11263617978647215,7.221264400849869,0.1717047042026999
0.08832745849635663,7.650154311338705,0.2134447360222384
0.06741509534563966,8.078578315241806,0.26993043151835777
0.050206720252523526,8.499594021046917,0.3472299572989541
0.036983321805783655,8.902876317153058,0.4541184324488362
0.027998748466958236,9.273086158778796,0.6032189675561284
0.02347906306499335,9.587729715464924,0.8124125705554613
0.023620125328900704,9.814735926881585,1.106229101124441
0.028585263691569714,9.910636753514082,1.5163383852309258
0.03850077177520639,9.821491852849602,2.079188530083319
0.053451388326823696,9.490315927436203,2.8276147024425775
0.07347443648170034,8.87493040911146,3.773638457359798
0.09855326901996901,7.9748841095618666,4.885247132172163
0.12861148864727523,6.853535218427462,6.071553317087366
0.16350636949194491,5.632554412386745,7.196886886578355
0.2030239067716805,4.451337777418157,8.12664888255681
0.2468750710895082,3.4167956299205393,8.775957981401113
0.2946932160236517,2.57818560242376,9.127621331606464
0.3460348146458286,1.9346211849538246,9.216338671567145
0.4003814954662429,1.4575427250977007,9.100494467520253
0.45714555310504024,1.11039962800632,8.840088148134676
0.5156780401131217,0.8595513421496085,8.485788091297337
0.5752788330672985,0.6781210803615729,8.076110693569742
0.6352104103042102,0.5461400675339743,7.638554774333141
0.6947121959066519,0.44932596641098416,7.191965878508769
0.7530171159024843,0.37764983073382224,6.748864937805488
0.8093687625780046,0.3241159946660678,6.31732582203143
0.8630393946966108,0.2838421978079144,5.902361420876607
0.9133464057800739,0.25340487533413253,5.50690297708723
0.9596687897967163,0.23038620457142173,5.132477031575975
1.0014611236584863,0.21306465184481685,4.779668730641936
1.0382656387442057,0.2002042929122524,4.448437910414648
1.0697217684438352,0.19091107942363683,4.138334839121002
1.0955723467732783,0.1845342273924286,3.8486477789085902
1.1156668130640524,0.18059803873194377,3.5785041470151833
1.1299614551098185,0.17875433832432802,3.326939964778862
1.138516462408623,0.178748969072615,3.092947511373834
1.1414898375451696,0.18039795336567413,2.875507906241179
1.1391291730460906,0.1835703731091734,2.673613207958022
1.1317609401887494,0.18817596614545132,2.4862811824394804
1.119778672971998,0.19415608311402915,2.312564924019152
1.103628860885725,0.20147705625329437,2.1515588528191074
1.0837971117531302,0.21012534079092354,2.002402159067267
1.0607939334987908,0.22010397119912267,1.8642804521129297
1.0351401428961509,0.2314299988359366,1.7364261527400844
1.0073535014182504,0.24413267954679083,1.6181180134884234
0.9779359248723442,0.25825222591230773,1.508680042639657
0.9473623414288452,0.2738389877848667,1.4074800296070022
0.9160706085618424,0.29095293816934875,1.3139278135506867
0.8844534608512575,0.3096633690569429,1.227473396795871
0.8528520006693022,0.3300487031141097,1.1476049757034936
0.8215509826117441,0.35219633579795195,1.0738469406461382
0.7907760132486391,0.3762024290795552,1.005757881766288
0.76069243191896,0.40217157771981304,0.9429286264410268
0.7314055756897874,0.430216265643725,0.8849803265255087
0.7029628104620789,0.4604560429391038,0.8315626079450047
0.6753568546067429,0.4930163508668493,0.7823517913433837
0.6485300878905488,0.528026921466364,0.7370491895213246
0.6223795519168223,0.56561967730257,0.6953794850632048
0.596763101567798,0.6059260826938041,0.6570891899643317
0.5715059954290549,0.6490738946883845,0.621945187853618
0.5464071396839539,0.6951832492708112,0.5897333578575387
0.5212461483374287,0.7443620806796799,0.5602572780507378
0.4957899197736078,0.7967008547006867,0.533337005450677
0.46979928120891973,0.8522666504723065,0.50880792830754
0.44303505235781754,0.9110966381776798,0.4865196852589534
0.4152638518166378,0.973191059492122,0.46633514461702896
0.38626372436528633,1.0385058800370923,0.4481294359726063
0.355829154004203,1.1069453220015333,0.43178902504948186
0.3237757089427368,1.1783545612540933,0.4172108214108622
0.28994453233948025,1.2525129560977657,0.4043013076070223
0.25420655091459216,1.3291282350261242,0.39297567756417406
0.21646653983683387,1.4078321385376344,0.38315697155598133
0.1766670519336256,1.4881780539978215,0.3747751952510385
0.13479163798960278,1.5696411457588448,0.36776641088410744
0.09086896041177778,1.6516216010985478,0.3620717908757749
0.04497514863358194,1.7334513155963984,0.35763662721259115
-0.002762545258713322,1.8144045015922834,0.3544092948802601
-0.05216436624408009,1.893712192329235,0.352340174183432
-0.10299650908288337,1.9705806150163874,0.3513805444937569
-0.15497076387400338,2.044213010673164,0.35148147227643994
-0.20774537288655184,2.1138341821064492,0.35259272692388954
-0.26092774860095536,2.1787166845767216,0.3546617684745826
-0.3140779679071247,2.238207462731906,0.3576328613872345
-0.3667150255500373,2.291753317664306,0.36144637543695723
-0.4183239663227134,2.3389237559160696,0.36603833733234303
-0.46836499039460694,2.3794296958688377,0.37134029398664914
-0.5162842719954749,2.4131367253508227,0.37727953769981853
-0.5615257215329845,2.440072023149168,0.38377972603755794
-0.6035434069604383,2.4604245031018515,0.3907619056877129
-0.6418151885027296,2.474538101525703,0.39814592035281154
-0.6758553384228216,2.4828988907158975,0.4058521527012474
-0.7052275815035209,2.486116866940711,0.41380352227056566
-0.7295559457500563,2.484903914834903,0.4219276392082871
-0.7485345116457655,2.48004942064953,0.43015900159961684
-0.7619353212129432,2.472395101320106,0.43844112170992394
-0.7696132213051454,2.4628106516810613,0.4467284771954535
-0.7715084794769841,2.452171433567152,0.4549882044210555
-0.7676463424124433,2.441339236113798,0.4632014795854508
-0.7581341635768255,2.431146704990749,0.471364566488455
-0.7431555290633423,2.422385803806383,0.4794895438143447
-0.7229623948419172,2.4158002548643167,0.487604756310329
-0.6978651552409499,2.4120817245627,0.49575506045061135
-0.6682216162497709,2.4118692628230605,0.5040019551536448
-0.634424857706036,2.4157514705937797,0.5124237019017676
-0.5968913241183531,2.424270700836169,0.5211155467065557
-0.5560485317858338,2.437928758626274,0.5301901612941928
-0.5123245501542999,2.457193349443084,0.5397784234442283
-0.46613818951609304,2.4825047801299025,0.5500306592050027
-0.4178912471044041,2.514282307248222,0.5611184758379246
-0.3679625719948734,2.5529296196553077,0.573237324157351
-0.31670400945013616,2.598838952168366,0.5866099457732155
-0.26443903525611623,2.652393170564774,0.6014908838831742
-0.2114628215025012,2.7139652686444418,0.618172268401035
-0.15804405517367442,2.78391452677214,0.6369911286088398
-0.10442839717722971,2.862578389881312,0.6583385365710325
-0.05084304724447587,2.950258938088032,0.6826709414580532
0.002498109447347733,3.0472025877857103,0.7105241147250727
0.055389013947403164,3.153571336974522,0.7425301785771868
0.10762639813173172,3.2694036270454006,0.7794382178807302
0.15900424775555308,3.39456234727623,0.8221389428124455
0.20931019305186235,3.5286676962324863,0.8716937238760402
0.2583221104329585,3.6710122725875745,0.9293679686077786
0.30580623355497843,3.8204564414899265,0.9966680992153311
0.35151646812217185,3.9753032041025813,1.0753801029409422
0.39519470331727397,4.133154300889417,1.1676054386209083
0.43657320245571146,4.2907541340889574,1.2757865896032636
0.4753772739504215,4.443835183287619,1.402709312814644
0.51132943879427,4.586990089630675,1.551461385025169
0.5441545461680747,4.713610648131915,1.7253187742131209
0.5735857753644821,4.8159516452219,1.927521514930213
0.5993705694851024,4.885392665342819,2.1608976759352823
0.6212773904342829,4.912974437929374,2.427303000824093
0.6391022245440224,4.890261258387234,2.7268776727384494
0.6526756074547526,4.81051141787094,3.0571902972948495
0.6618680094577482,4.6700160755070925,3.4124397701175058
0.6665956037608123,4.469320691716272,3.7829870399345094
0.6668248299586205,4.213938792060042,4.1555256413276735
0.6625762421804265,3.9142009579608703,4.5140985011556225
0.653926716318496,3.5841046679599913,4.841909323807502
0.6410107864153781,3.2393820086541694,5.1235512691466365
0.6240204407978279,2.8953051633752604,5.347062215566458
0.6032036027766564,2.5648275396570597,5.5052572044421035
0.5788609316746173,2.257473325726167,5.596069569222553
0.5513416111182228,1.9790684431116188,5.621987277147651
0.5210378933965004,1.7321328091396253,5.588916606039893
0.4883786754228912,1.5166331853173083,5.504863270349655
0.45382195617903,1.3308192488559085,5.3787328977049285
0.41784745566579223,1.1719623047965602,5.219410166295176
0.38094849193867986,1.0369178003657626,5.035152047823927
0.34362453282372124,0.92250491094192,4.833255247087225
0.3063732635318268,0.8257332235291639,4.619928079742707
0.269684732031674,0.7439177215061864,4.400296582713292
0.23403514985120863,0.6747200366859893,4.178487849079343
0.1998824156514548,0.6161456061017948,3.957750021148524
0.16766230979236277,0.5665173528200186,3.7405829182960724
0.13778646798350186,0.5244391555214243,3.528864226130774
0.11064039521033699,0.48875692681003385,3.3239636048292924
0.08658310994291693,0.45852159324344866,3.1268417195634455
0.06594695526159823,0.43295597899563965,2.938133874669149
0.049037395591251594,0.4114262887717671,2.7582193267937734
0.03613339839687209,0.39341819194496325,2.58727796494684
0.02748677681926803,0.3785171227755516,2.4253362087553874
0.023321189442793783,0.366392300764004,2.272303902710005
0.02383033762833887,0.35678394583353124,2.128003801948959
0.029174730424667464,0.3494931902378482,1.9921950242206325
0.03947763325951102,0.34437426727448256,1.8645916228412571
0.05482038599857556,0.34132862823994886,1.7448772353211206
0.0752361983615972,0.34030068499679383,1.632716587412367
0.1007042685723264,0.341274969701354,1.5277644852502321
0.1311430714845945,0.3442745245187006,1.4296728066005326
0.16640456918502092,0.34936040575970984,1.3380959027849397
0.20626920324260636,0.35663221052456234,1.2526947428349038
0.2504416990658891,0.3662295526383548,1.1731400665381448
0.2985496591710684,0.3783344672764214,1.0991147618281578
0.3501435566865857,0.3931746997367645,1.0303156411424392
0.40469932665786534,0.41102785665178343,0.96645475882513
0.46162439094314794,0.4322264110940215,0.9072603870608511
0.5202651438115415,0.457163492477349,0.8524777484877522
0.57991845285436,0.4862994321527045,0.8018695897807603
0.639844165230268,0.5201689317108221,0.7552166711020238
0.6992805365938037,0.5593887301699251,0.7123182409711918
0.7574608853040988,0.604665555774749,0.6729925654660057
0.8136304106576628,0.6568040508315809,0.6370775836986008
0.867064158160444,0.7167143203639335,0.6044317701396443
0.9170839341879892,0.7854186052793333,0.5749352990601785
0.9630739581223478,0.8640564761653777,0.5484916281151233
1.0044951064982028,0.9538878438652247,0.5250296501258317
1.0408971371404694,1.0562929656332989,0.5045066075693854
1.0719270434869097,1.1727684134824463,0.4869120268910609
1.0973358907678132,1.3049179793981536,0.47227301797688254
1.1169814621616008,1.4544372057391632,0.4606614075160914
1.1308282546117365,1.623090126987214,0.45220334755799546
1.1389442587593734,1.8126765070187276,0.4470922847002518
1.141494713239623,2.024987441826483,0.4456065207118452
1.1387337365745152,2.2617466318213824,0.4481330869454938
1.1309935394190143,2.5245335900953285,0.45520035447001467
1.118672072717372,2.8146835919392483,0.4675227949545091
1.102219356690532,3.1331568963190217,0.48606270695582976
1.0821236264016816,3.480366624387157,0.5121156640393643
1.0588965284252547,3.855949912915873,0.5474290528039926
1.033059078506754,4.258461080843269,0.5943663856265764
1.0051283663832837,4.68495807762821,0.6561338100869384
0.9756045422420353,5.1304456004464445,0.7370882510935113
0.9449599391826451,5.587134339401306,0.8431457808850346
0.9136293592868073,6.043483470170332,0.9822967339848927
0.8820018529304974,6.483032877109559,1.1651952623928783
0.8504140183505082,6.883139022847716,1.4056968960394207
0.8191462823892911,7.213962401783694,1.72102578614393
0.7884196313880412,7.438471581205165,2.130928889296054
0.7583947383342098,7.514797862249071,2.6547757697092202
0.7291722282282136,7.4026400370650585,3.3054324934400277
0.7007953306942651,7.07465299152035,4.079686335736173
0.6732523917333011,6.530685056602083,4.94789646027253
0.6464822083564525,5.807878419343641,5.8495345529090415
0.6203786876319387,4.977575693766362,6.701931568629352
0.5947968451719212,4.126378057901304,7.422265112335205
0.569559616205339,3.3307068711686303,7.951741374958689
0.544464084943615,2.639306689688742,8.268222590751712
0.5192887850777314,2.0704907645489024,8.382982669094302
0.4937997541879744,1.6200458545340852,8.32800926274068
0.4677576806160967,1.2718874444527146,8.142706540526405
0.4409236715476065,1.006347046723262,7.864838094316694
0.41306503841989056,0.8048609601465373,7.526200347708671
0.38396093870916015,0.6518788358479988,7.151553259351398
0.3534072194158181,0.5351881663421021,6.759212031103353
0.32122134049578344,0.4455379879495254,6.362232302413295
0.2872465307374316,0.3760557271082118,5.969639496969835
0.25135638559799384,0.32168180454101514,5.58748309028754
0.21345837134294124,0.2787002013415135,5.21966451279385
0.17349806829927517,0.24437625686210657,4.868557508987409
0.13146250236896384,0.21668776281390464,4.535461014064791
0.0873837070345521,0.1941293820707974,4.220925037509706
0.04134193309921915,0.1755718227159601,3.924983397511497
-0.006531889045450856,0.16016080554657075,3.647319332585283
-0.05605358761969149,0.14724455731619926,3.387383169349063
-0.10698520652184985,0.13632160742366864,3.1444758606653616
-0.15903438323869418,0.12700303095714435,2.9178082293012886
-0.21185520080353076,0.11898497551129769,2.7065428850367064
-0.26505138335769507,0.11202852733980323,2.509823747029919
-0.3181796052144918,0.10594485153854383,2.326796669495255
-0.37075586653983417,0.10058412333747282,2.1566236605815514
-0.42226299271608164,0.09582720731665273,1.9984924748390829
-0.4721597106941385,0.09157933549996651,1.85162285953053
-0.5198914534721608,0.08776524529093589,1.7152703803673688
-0.5649025004631043,0.08432539045993034,1.5887284996059385
-0.6066482657902731,0.08121295117272961,1.4713293985582283
-0.6446090515679136,0.07839143828372211,1.3624439058944258
-0.6783025720857329,0.07583275561638504,1.2614807982462026
-0.7072967262322141,0.0735156147603707,1.167885670177361
-0.7312206737296606,0.07142423359249571,1.0811395192739957
-0.7497744294063601,0.0695472668975475,1.0007571540421973
-0.76273616024881,0.06787693345795695,0.9262855037608274
-0.7699672466151485,0.0664083116409789,0.8573018879567309
-0.7714145453893887,0.06513878298439148,0.7934122869456637
-0.7671100134650022,0.06406760586844831,0.7342496426305861
-0.7571670391217482,0.0631956062715913,0.6794722095374671
-0.7417746862379783,0.06252496996136885,0.6287619691426913
-0.721189835143588,0.062059123044455836,0.5818231153824909
-0.6957271296162726,0.06180269079921153,0.538380615511743
-0.66574753736593,0.061761524774841196,0.498178847816387
-0.6316463492327079,0.06194278868681592,0.46098031580017196
-0.5938411750465968,0.062355095429069966,0.4265644371914195
-0.5527600434443122,0.06300869100636668,0.39472640531341213
-0.5088305689030287,0.0639156813823355,0.36527611988123626
-0.46247052394356236,0.06509030041548011,0.33803718402420135
-0.4140800689260426,0.06654921906990056,0.3128459642331769
-0.36403605078210366,0.06831189687635804,0.289550709931594
-0.31268844925109024,0.07040097792554208,0.26801072942902127
-0.2603581632516117,0.0728427380433064,0.24809561913279854
-0.20733834620828384,0.0756675808157763,0.2296845429909572
-0.15389568870622305,0.07891059445989408,0.21266555927541042
-0.10027435586395386,0.08261216911019283,0.19693499195523456
-0.04670041912605964,0.08681868124165401,0.18239684402297354
0.006613173894601903,0.09158324966414448,0.16896225027514097
0.059461012333161097,0.0969665637898573,0.15654896716172206
0.11163921940398697,0.10303778093785572,0.14508089741904215
0.1629419701274524,0.10987550178269363,0.13448764734079935
0.2131557598528996,0.11756880008704222,0.12470411462977016
0.2620578916123663,0.12621831461991162,0.11567010488282257
0.3094136061530253,0.13593737035168357,0.10732997487492694
0.35497572751500767,0.14685311122073133,0.09963230088688729
0.3984855617253459,0.1591076108377484,0.09252957044273011
0.4396744555594288,0.17285891157144317,0.08597789591072005
0.4782674718321522,0.1882819446400116,0.07993674852886717
0.5139871510105227,0.20556925515791663,0.07436871151715996
0.5465587266431216,0.22493145797074815,0.06923925103695144
0.5757161876498577,0.24659733826154007,0.06451650387862543
0.6012084764193204,0.2708134977098695,0.06017108086664876
0.6228058663138861,0.2978434458603922,0.05617588507830689
0.640306943169239,0.3279660518168963,0.052505944099719995
0.6535450032671557,0.36147327158575776,0.04913825566649575
0.6623938949781966,0.3986670910394913,0.0460516461470841
0.6667734753326192,0.43985566726746933,0.04322664144839942
0.6666545334545831,0.48534870449982204,0.04064535005168199
0.6620616733978312,0.5354521247271207,0.03829135798303878
0.6530761972205495,0.5904622145231642,0.03614963563358114
0.6398372075623389,0.6506594651430415,0.03420645646381293
0.6225411016594776,0.7163023931300458,0.03244932771518806
0.6014399582930889,0.7876217076332825,0.030866933364746742
0.5768382911148342,0.8648152160169503,0.02944908968934417
0.5490889644659844,0.9480439118813802,0.028186713976012884
0.5185872371983327,1.037429626464518,0.027071807125307913
0.48576446722556,1.1330546458417707,0.026097451188248612
0.45108068647444993,1.2349635754010464,0.02525782329058433
0.4150169678397704,1.343167669880115,0.024548227950209126
0.37806734877238063,1.4576516987175179,0.023965150547074234
0.34073124890918444,1.5783833423300826,0.0235063357263766
0.30350615342696396,1.7053249707736882,0.0231708958928407
0.26688127327012895,1.838447607762151,0.02295945680119896
0.23133144836596392,1.9777467319369422,0.022874349709309547
0.1973130832681371,2.1232597137098317,0.02291986292911819
0.16526012766695103,2.2750844924716036,0.023102570182970832
0.1355822145103266,2.43339939102173,0.02343175947748977
0.10866280285309625,2.598483807634454,0.023919994985265907
0.08485886240895756,2.7707398402054375,0.02458385675857608
0.06450072032519703,2.9507148643857066,0.025444920702322668
0.04789171240871208,3.139125147740957,0.026531066491912416
0.03530887385626315,3.3368809345865804,0.027878238084688676
0.027001741618672897,3.5451130355614953,0.02953283595358943
0.023191792083534533,3.765201449981981,0.031555001693429584
0.024070124752334082,3.9988060978701134,0.034023179369875325
0.02979467382878368,4.2478998480334615,0.037040528243932315
0.040485670512927126,4.514803437341974,0.04074405867458439
0.05622079054467191,4.802221608874403,0.0453178345177469
0.07702932415679843,5.113278623022659,0.051012346030253154
0.10288602491715934,5.451549676077492,0.05817340550689345
0.13370449207006876,5.8210816560711,0.06728600288935693
0.1693311559174112,6.226391734996108,0.07904210545046525
0.20954069200103112,6.6724235748494145,0.09444753153838689
0.25403219754860196,7.164424864143844,0.11499386929492993
0.3024269500145821,7.70768191159112,0.14294085273786938
0.3542696493298464,8.306996983891807,0.18178995147534655
0.40903070098699806,8.96570045548092,0.23709466771577728
0.466112361322495,9.68382228903272,0.31787110053215284
0.5248570395479245,10.454745124290486,0.4390815506228853
0.5845581442206643,11.259155624714428,0.6260040307303631
0.6444733812476424,12.05440762990251,0.9217226667738327
0.7038398054083945,12.757029463768946,1.3989506335259567
0.7618911358532044,13.218546470891075,2.174667251078521
0.8178742753894425,13.207614976871927,3.4141868150634096
0.871067266850883,12.445571911811014,5.282543986725374
0.9207961801541257,10.771634489104516,7.784790419111147
0.9664506154587075,8.39469302957984,10.563302286736393
1.0074981406263415,5.898429993899491,12.9724340409556
1.04349539618552,3.8337568189564473,14.521086208075893
1.0740975890053956,2.391208313709628,15.151367719770034
1.0990637961180323,1.4782864070816746,15.088880706880886
1.1182602321258839,0.9258310201041704,14.600319525187976
1.13165941718392,0.5947356799712168,13.885302072412511
1.139337170506614,0.3942246786425592,13.06862747466665
1.1414660850409535,0.2702315869711951,12.22202980946265
1.1383065736699443,0.19156324024843263,11.384895675055601
1.130196487822261,0.14027577379265593,10.57802755886457
1.1175382047037576,0.10592661877574028,9.811770618653537
1.1007854600083204,0.08232343509219683,9.090613126760307
1.0804286324701524,0.0657123377452938,8.415764883887766
1.0569805511129133,0.05376426906814649,7.78660939099269
1.0309626444149718,0.045000346689382756,7.2015309540187475
1.0028910084395832,0.0384602018460984,6.658391850301462
0.9732640743792513,0.03350669724807962,6.154810717672521
0.9425516943575403,0.02970853914255905,5.688326102767353
0.9111851137364763,0.02676823978494923,5.256492504138523
0.8795494689681219,0.024477011386250202,4.856936083079619
0.8479774634694911,0.022685968542185058,4.48738593172911
0.8167448665040768,0.021287397912902836,4.14569036138118
0.7860678463756546,0.020202358108196195,3.8298239459765338
0.7561023154010107,0.019372330934181836,3.5378888531468884
0.7269446336320299,0.018753508676067513,3.268112670273937
0.6986334353541288,0.018312823473097675,3.0188441222532556
0.6711531555831386,0.018025145577898166,2.7885475734892986
0.6444389375585573,0.017871276567921708,2.5757968883653684
0.6183813161158445,0.0178364885248459,2.3792690205952542
0.5928327110241824,0.01790944397464094,2.197737569817275
0.5676138091267857,0.018081382583849507,2.0300664573156193
0.5425199662032395,0.01834549615489257,1.875203815540371
0.517328610535931,0.01869643836802674,1.7321761481065383
0.4918051521907018,0.019129929347128483,1.6000827915313565
0.465710150978786,0.019642429520579433,1.4780906930065867
0.4388048854551174,0.020230862217202616,1.3654295072147755
0.41085749182244696,0.020892372776440175,1.26138700774208
0.3816480819018636,0.021624114610014723,1.1653048038379352
0.35097424423635293,0.022423057817347335,1.0765743502627911
0.31865514890901225,0.02328581654822736,0.9946332361808714
0.28453629093925453,0.024208496161604108,0.9189617381277931
0.24849369189897558,0.025186561763925967,0.8490796217523086
0.21043757720274872,0.02621473123055584,0.7845431770519282
0.17031666622897,0.027286898770197333,0.7249424721300831
0.1281212530694867,0.02839609323539691,0.66989881095161
0.08388709835983436,0.02953447878898836,0.6190623811284033
0.03769828498592506,0.030693402443124202,0.5721100783812747
-0.010310144777598094,0.031863493240787584,0.5287434949451834
-0.0599502156993595,0.033034815430718685,0.48868705983142985
-0.11097939008383106,0.034197076242541424,0.4516863195101548
-0.16310122644693292,0.03533988201733826,0.41750634820017074
-0.2159659441042423,0.036453037583954365,0.3859302775990683
-0.2691731935619851,0.03752687583847468,0.3567579365438199
-0.32227642539282414,0.03855260229537527,0.32980459173407706
-0.37478882854735573,0.03952263698770168,0.3048997813217891
-0.42619088731283034,0.040430934677564215,0.2818862338517409
-0.4759399396084575,0.041273263459035585,0.26061886571420667
-0.5234809141484918,0.04204742531773348,0.24096385094501604
-0.5682583791039945,0.04275340499113655,0.2227977578646028
-0.6097293104709476,0.04339343911918038,0.206006747663561
-0.6473763705555944,0.04397200308303466,0.19048583060460517
-0.6807207902230131,0.04449572021616389,0.17613817600722118
-0.7093348166637893,0.04497320261834284,0.16287447259840382
-0.732852637161096,0.045414839028939676,0.15061233614855368
-0.7509801324245852,0.0458325462052532,0.13927576156487548
-0.7635018422325353,0.046239504958914074,0.12879461679969298
-0.7702856807519325,0.046649899479318954,0.11910417605851273
-0.7712853711668797,0.04707867627442894,0.1101446898683327
-0.7665389952691696,0.047541340464797806,0.1018609896259814
-0.7561661273448002,0.04805379693843183,0.09420212428634989
-0.7403615700547955,0.048632246235081424,0.0871210268916248
-0.7193871070781617,0.04929313853636186,0.08057420870098159
-0.6935611507444962,0.050053187812060904,0.07452147875018661
-0.6632478654344371,0.0509294428408371,0.06892568675651937
-0.6288447725415488,0.051939414991241044,0.06375248739077212
-0.5907706235552102,0.05310125853487467,0.05897012405963018
-0.5494538678578482,0.05443399992793123,0.05454923046899961
-0.5053215546630733,0.055957815231228926,0.05046264837563193
-0.4587904090546455,0.057694351651899296,0.04668526006924082
-0.4102590045530801,0.05966709482022322,0.04319383425991021
-0.3601021665365321,0.06190178179284575,0.039966884173624886
-0.3086674638230492,0.06442686169552075,0.03698453677612527
-0.25627385535075364,0.06727400660703456,0.03422841215387197
-0.2032120977044724,0.07047867708686667,0.031681512179853585
-0.149747284041939,0.07408074486833079,0.029328117679743915
-0.09612173952280703,0.07812518154925589,0.027153693394285465
-0.0425603767699801,0.08266281164005883,0.02514480010208684
0.010724598975039693,0.08775113902796296,0.02328901332813082
0.0635278658620328,0.09345524526997301,0.02157484811829476
0.1156458267296258,0.09984876232607144,0.019991689406845963
0.1668719506150653,0.1070149175204234,0.018529727547149873
0.21699248144926556,0.11504764182513628,0.017179898611999003
0.2657834755826964,0.12405273128177743,0.01593382910297511
0.3130094376072947,0.1341490467953151,0.014783784739752684
0.35842226347704303,0.14546971977233275,0.013722623025836067
0.40176216726916675,0.15816333240506067,0.012743749311339158
0.44275998418954676,0.1723950281860916,0.01184107609815679
0.4811403318077786,0.18834749272810303,0.011008985353847766
0.516625850561199,0.20622173506054417,0.010242293620416313
0.5489423198346506,0.22623758731512486,0.009536219724130704
0.5778246797763714,0.2486338335155929,0.008886354912551951
0.6030230310334028,0.2736678615598853,0.008288635263540503
0.6243100073764609,0.30161475354898853,0.00773931623196988
0.6414865065142957,0.3327656936931614,0.00723494921768987
0.6543886462431049,0.3674256318208267,0.006772360056972381
0.6628936919332208,0.4059101372172299,0.006348629360946102
0.6669254193107513,0.44854142416877996,0.005961074641926216
0.6664583756970984,0.49564357206234516,0.005607234186201712
0.6615216262413772,0.5475370435946012,0.005284852650214852
0.6522010170470426,0.6045326576946967,0.004991868374836478
0.6386400636984308,0.6669252510724185,0.004726402428175927
0.6210395419914169,0.7349873395381596,0.004486749404724801
0.5996557112257198,0.8089631537027152,0.004271370028153242
0.5747970165917103,0.889063461428549,0.00407888562736971
0.5468197621668199,0.9754616288317194,0.003908074584728022
0.5161223756748211,1.0682913395890319,0.0037578708935312195
0.48313863261956236,1.1676463515666382,0.003627365012257133
0.4483304121718158,1.2735826157812986,0.0035158072740708733
0.4121800602336315,1.3861229771817902,0.003422614207798861
0.3751824533264296,1.5052645449424764,0.0033473782566902127
0.33783695839158745,1.630988680363172,0.0032898815550387586
0.3006409843460153,1.7632735710750616,0.0032501146651313507
0.26408262840204677,1.9021090304321937,0.0032283014950928494
0.22863542246248617,2.0475133475956806,0.0032249320494955993
0.19475408194780489,2.1995519149122034,0.003240805264446327
0.1628708407667214,2.3583573213456357,0.003277084991296339
0.13339330951949455,2.524150777469486,0.0033353733261997443
0.10670300568727976,2.6972647536373477,0.0034178070770507878
0.08315471355852655,2.8781668755652428,0.0035271854220852773
0.06307654001312663,3.06748528702652,0.003667140075547463
0.04677003269128412,3.266035784266726,0.0038423640255577604
0.03450981909723883,3.4748511089565457,0.004058921912031467
0.026543604573765932,3.695213137165846,0.004324675603665476
0.023090456533974485,3.92868848318039,0.004649874445572101
0.02433903611627913,4.177168509979305,0.005047984167408469
0.030444377656298618,4.4429145944158455,0.005536866841726796
0.04152373465309567,4.728609680182467,0.006140485418827252
0.05765123570675559,5.0374171037521664,0.006891405507240887
0.07885221245937138,5.373047823277626,0.007834530994819023
0.1050969277700709,5.739836869853272,0.009032786804772338
0.136293853356095,6.142829280931601,0.010575939531828059
0.1722843416128729,6.58787527809692,0.01259459044784162
0.2128370401479991,7.081731809586307,0.015282904592984918
0.2576451541507499,7.632164727615148,0.018936487727292242
0.3063241182889803,8.24803739363146,0.024017283286578678
0.35841254606653133,8.939357753151207,0.031268158668763535
0.4133755125169464,9.717225696441702,0.041921909647473325
0.4706102781121376,10.59356015415694,0.05809604334417858
0.529454979855551,11.580351040467013,0.08356675776467004
0.5891995625506927,12.687879910364744,0.12534652476252525
0.6490997807265161,13.92066025642448,0.19702767356240936
0.7083919366142152,15.26821704281357,0.32612648942570255
0.7663099509834239,16.684040481754764,0.5706113582007841
0.8221025140846766,18.03807840536223,1.0558519963061377
0.8750507914429485,19.017589263801657,2.049935922542142
0.9244852494001409,18.976055184506738,4.066562352863015
0.9698010777221004,16.96490411515444,7.766827971314406
1.0104721642538383,12.659440883511028,13.05188412920569
1.0460627731370113,7.6398346467334655,18.057990392101036
1.0762358726357533,3.939477206693584,20.885304299166208
1.1007586135307699,1.904673443525751,21.561672501161688
1.1195057028391833,0.9227311562806515,21.004850802832383
1.1324578997183936,0.4629076901809672,19.908932328021717
1.1396986180211592,0.2436592410914653,18.628113434213006
1.1414074843675146,0.13505688950296296,17.3209185884716
1.1378515518442593,0.0787825907684948,16.05454690624397
1.1293739534436331,0.0482475995700008,14.855843156608758
1.1163816658400112,0.030924555923146704,13.733881124116023
1.0993316664719022,0.020676674638812155,12.68983369809922
1.0787165964819745,0.014374468364129825,11.72135970864215
1.0550508174227586,0.01035819871061957,10.824606811010602
1.0288554431851549,0.007714153280690327,9.995150992459193
1.0006456570882392,0.005921391163710294,9.228446372100766
0.9709180974667673,0.004673052508105233,8.520041950232729
0.9401399636391093,0.003782824137643084,7.865683985278977
0.9087393240277158,0.0031343681200730012,7.261360740891206
0.8770975237017024,0.0026531341462649235,6.7033176217127535
0.8455426835032379,0.0022901937780103313,6.188056954553361
0.8143462534533091,0.002012719064086327,5.712329867883319
0.7837196351605527,0.0017982330573344469,5.273124256839192
0.7538140237037642,0.0016310564671115936,4.867651005671212
0.724721363515212,0.0015000632911749065,4.493329664047321
0.6964759641092061,0.001397234019114393,4.147774237072617
0.6690581525122596,0.0013167050356799606,3.8287794477618293
0.6423994054749951,0.0012541327228722911,3.534307658853262
0.616387073163848,0.0012062606668197394,3.262476541545941
0.5908709213960296,0.0011706203021193604,3.0115475209983185
0.5656694032532017,0.0011453205010718349,2.7799149949105755
0.5405764053275158,0.0011288973567673733,2.5660963023345547
0.51536783546485,0.0011202052251678518,2.3687224092817734
0.4898088218800626,0.001118336453061868,2.1865292723317005
0.46365964380637686,0.0011225611924909438,2.0183498392340926
0.4366818567540219,0.0011322815097983211,1.863106645210276
0.40864433951243523,0.0011469957935263291,1.719804964524403
0.37932849692635917,0.0011662706529935588,1.5875264784305003
0.3485334061207355,0.0011897184115711981,1.4654234225079992
0.31607995693718505,0.0012169788386372955,1.3527131784869335
0.2818160553210902,0.0012477043462580358,1.2486732778170204
0.24562016130527645,0.0012815480041187704,1.1526367863731175
0.20740544732082333,0.0013181541207529317,1.063988041768499
0.16712353828464685,0.0013571512379232532,0.9821587167426178
0.12476827291392882,0.0013981475379546172,0.9066241839824944
0.0803790262047953,0.0014407287030794907,0.8369001595208284
0.03404368474226262,0.0014844583029491874,0.7725396035268917
-0.014098775233281206,0.0015288807732474954,0.71312985887032
-0.06385593644243143,0.0015735270185948304,0.6582900092965187
-0.11498123957331945,0.001617922460547324,0.6076684404085714
-0.16717401011280617,0.0016615973142970863,0.5609405879114023
-0.2200803327885024,0.001704098742096361,0.5178068587467918
-0.27329625759786585,0.0017450042500709486,0.47799071183551456
-0.3263717406877054,0.0017839357274146244,0.4412368861535117
-0.3788171263014425,0.0018205732559749242,0.4073097648073577
-0.4301107996342282,0.0018546679121795244,0.37599186464504303
-0.47970882267109893,0.0018860527163960265,0.34708244174648023
-0.5270556179013985,0.0019146510651144872,0.32039620388734824
-0.5715961560318378,0.0019404820706858399,0.2957621217635156
-0.6127890681945255,0.0019636624784816707,0.273022331404033
-0.6501193772924605,0.001984405191665049,0.25203112079256335
-0.6831119528614698,0.0020030145125744005,0.23265399426134495
-0.7113433762023857,0.0020198786590518375,0.2147668087219758
-0.7344532596968317,0.0020354601236236276,0.19825497625626115
-0.7521530541657379,0.0020502847467268734,0.18301272801091725
-0.7642338597191368,0.0020649301933546088,0.16894243472510379
-0.7705700912101517,0.00208001484631276,0.15595397957344379
-0.7711219798201525,0.00209618765715877,0.14396417933178485
-0.7659344638059877,0.002114119657584414,0.13289625017144782
-0.7551328887119588,0.002134497641958227,0.12267931466391876
